7310269615441855
7310267515441843
7310262015441831
7310264515441824
7310261915441818
7310264215441801
7310269715441797
7310266115441765
7310260515441780
7310265115441775
7310264815441953
7310269415441949
7310262215441938
7310260215441924
7310261715441919
7310267415441901
7310266415441895
7310261515441887
7310267915441872
7310267815441865
7310269115442056
7310268415442048
7310269715442035
7310261215442029
7310264315442014
7310263515442006
7310267315441993
7310264415441981
7310261015441973
7310260115441966
7310262215442159
7310260515442143
7310269715442134
7310262815442120
7310265115442112
7310263215442108
7310268015442091
7310264715442085
7310261815442072
7310260715442067
7310268015442257
7310267315442249
7310267015442234
7310263415442221
7310262515442214
7310267215442208
7310269215442196
7310265015442188
7310264815442175
7310262015442169
7310260115441453
7310269115441447
7310269515441435
7310269415441428
7310262515441414
7310268815441400
7310269815441390
7310260815441381
7310263815441377
7310260115441362
7310269215441552
7310263615441544
7310268215441539
7310265415441525
7310262415441514
7310262515441505
7310264815441490
7310265515441482
7310261015441478
7310269015441463
7310264915441655
7310263415441645
7310268515441635
7310262315441622
7310261915441610
7310261315441608
7310260715441598
7310264415441585
7310267715441577
7310263415441561
7310260715441754
7310265815441745
7310260015441736
7310266015441725
7310264615441716
7310262715441701
7310264615441690
7310267715441684
7310261915441677
7310267315441662
7310264015441340
7310266815441354
7310266715441330
7310268815441327
7310268515441312
7310261715441307
7310266315441292
7310264815441284
7310265315441278
7310266615441265